[gd_scene format=3 uid="uid://bjyvwd3nvxksd"]

[ext_resource type="Script" uid="uid://j50v2xh1a76r" path="res://npcs/core/npc_base.gd" id="1_f3u1n"]
[ext_resource type="Script" uid="uid://bn48muoepa571" path="res://npcs/core/npc_data.gd" id="2_oy07j"]
[ext_resource type="PackedScene" uid="uid://biex7idin7ly" path="res://Animation/Infected/GDT_AnimationMaya.fbx" id="2_sg5nm"]
[ext_resource type="Script" uid="uid://yh0brd0dlfys" path="res://core/entities/entity_health_component.gd" id="2_wpx5v"]
[ext_resource type="Script" uid="uid://dfa7rfencxl2f" path="res://npcs/core/ai_sequencer.gd" id="4_210r2"]
[ext_resource type="Script" uid="uid://dgd4ar1camccu" path="res://npcs/core/ai_sequence.gd" id="5_oy07j"]
[ext_resource type="Script" uid="uid://cvuwcbckasb21" path="res://npcs/core/ai_action.gd" id="6_fnwbb"]
[ext_resource type="Script" uid="uid://dbor0hh63cteu" path="res://npcs/core/ai_conditional.gd" id="8_fnwbb"]
[ext_resource type="Script" uid="uid://dafkx45rgy8e" path="res://npcs/core/ai_conditional_group.gd" id="9_csmbi"]
[ext_resource type="Script" uid="uid://c0kgp701ftv83" path="res://npcs/core/ai_behaviour.gd" id="9_s2n2p"]
[ext_resource type="Script" uid="uid://cv8k687vecut6" path="res://npcs/behaviours/movement_behaviour.gd" id="10_ydmoe"]
[ext_resource type="Script" uid="uid://cogsndc507g11" path="res://npcs/behaviours/orientation_behaviour.gd" id="12_ydmoe"]

[sub_resource type="Resource" id="Resource_fnwbb"]
script = ExtResource("2_oy07j")
max_speed = 8.0
metadata/_custom_type_script = "uid://bn48muoepa571"

[sub_resource type="CapsuleShape3D" id="CapsuleShape3D_ex0cn"]

[sub_resource type="Resource" id="Resource_csmbi"]
script = ExtResource("8_fnwbb")
check_variable = 10
sequence_name = "Walk; WalkAlt"
metadata/_custom_type_script = "uid://dbor0hh63cteu"

[sub_resource type="Resource" id="Resource_5hi1v"]
script = ExtResource("8_fnwbb")
check_value = 1.8
sequence_name = "AttackLeft;AttackRight"
metadata/_custom_type_script = "uid://dbor0hh63cteu"

[sub_resource type="Resource" id="Resource_buxye"]
script = ExtResource("10_ydmoe")
movement_percent = 0.25
metadata/_custom_type_script = "uid://cv8k687vecut6"

[sub_resource type="Resource" id="Resource_inoo4"]
script = ExtResource("12_ydmoe")
orientation_mode = 1
metadata/_custom_type_script = "uid://cogsndc507g11"

[sub_resource type="Resource" id="Resource_avslv"]
script = ExtResource("8_fnwbb")
check_num_comparison = 1
check_value = 8.0
metadata/_custom_type_script = "uid://dbor0hh63cteu"

[sub_resource type="Resource" id="Resource_tx2wy"]
script = ExtResource("8_fnwbb")
check_variable = 9
metadata/_custom_type_script = "uid://dbor0hh63cteu"

[sub_resource type="Resource" id="Resource_moq73"]
Resource = null
resource_path = "res://npcs/scenes/npc_infected_melee.tscn::Resource_moq73"
resource_scene_unique_id = "Resource_moq73"
script = ExtResource("9_csmbi")
conditions = Array[ExtResource("8_fnwbb")]([SubResource("Resource_avslv"), SubResource("Resource_tx2wy")])
sequence_name = "StartRun"
last_comp_value = true
sequence_candidates = []
metadata/_custom_type_script = "uid://dafkx45rgy8e"

[sub_resource type="Resource" id="Resource_fkjs5"]
script = ExtResource("8_fnwbb")
check_variable = 10
sequence_name = "Walk;WalkAlt"
metadata/_custom_type_script = "uid://dbor0hh63cteu"

[sub_resource type="Resource" id="Resource_s2n2p"]
script = ExtResource("8_fnwbb")
check_value = 3.0
sequence_name = "AttackLeft; AttackRight"
metadata/_custom_type_script = "uid://dbor0hh63cteu"

[sub_resource type="Resource" id="Resource_ydmoe"]
script = ExtResource("8_fnwbb")
check_variable = 10
sequence_name = "Run"
metadata/_custom_type_script = "uid://dbor0hh63cteu"

[sub_resource type="Resource" id="Resource_a6snv"]
script = ExtResource("10_ydmoe")
metadata/_custom_type_script = "uid://cv8k687vecut6"

[sub_resource type="Resource" id="Resource_fdbbv"]
script = ExtResource("12_ydmoe")
orientation_mode = 1
metadata/_custom_type_script = "uid://cogsndc507g11"

[sub_resource type="Resource" id="Resource_42sqg"]
script = ExtResource("8_fnwbb")
check_value = 6.0
sequence_name = "Walk; WalkAlt"
metadata/_custom_type_script = "uid://dbor0hh63cteu"

[sub_resource type="Resource" id="Resource_em4by"]
script = ExtResource("8_fnwbb")
check_variable = 10
sequence_name = "Run"
metadata/_custom_type_script = "uid://dbor0hh63cteu"

[sub_resource type="Resource" id="Resource_y7gj2"]
script = ExtResource("8_fnwbb")
check_variable = 10
sequence_name = "StartWalk"
metadata/_custom_type_script = "uid://dbor0hh63cteu"

[sub_resource type="Resource" id="Resource_5l2qt"]
script = ExtResource("8_fnwbb")
check_variable = 10
sequence_name = "StartWalk"
metadata/_custom_type_script = "uid://dbor0hh63cteu"

[node name="InfectedMelee" type="CharacterBody3D" unique_id=523822679 node_paths=PackedStringArray("animation_player", "ai_sequencer", "entity_health", "visibility_notifier")]
script = ExtResource("1_f3u1n")
animation_player = NodePath("GDT_AnimationMaya/AnimationPlayer")
ai_sequencer = NodePath("AISequencer")
entity_health = NodePath("EntityHealthComponent")
visibility_notifier = NodePath("VisibleOnScreenNotifier3D")
starting_sequence = "Idle"
npc_data = SubResource("Resource_fnwbb")

[node name="NavigationAgent3D" type="NavigationAgent3D" parent="." unique_id=902282903]

[node name="CollisionShape3D" type="CollisionShape3D" parent="." unique_id=915339238]
visible = false
shape = SubResource("CapsuleShape3D_ex0cn")

[node name="VisibleOnScreenNotifier3D" type="VisibleOnScreenNotifier3D" parent="." unique_id=1045519738]
aabb = AABB(-0.4828859, -1, -0.5138605, 0.9657718, 2, 1.027721)

[node name="EntityHealthComponent" type="Node" parent="." unique_id=1600157617]
script = ExtResource("2_wpx5v")
base_health = 150.0
metadata/_custom_type_script = "uid://yh0brd0dlfys"

[node name="GDT_AnimationMaya" parent="." unique_id=1485594788 instance=ExtResource("2_sg5nm")]
transform = Transform3D(1, 0, 0, 0, 1, 0, 0, 0, 1, 0, -1, 0)

[node name="spine_C0_root" parent="GDT_AnimationMaya/guide/root_C0_root/body_C0_root" parent_id_path=PackedInt32Array(1485594788, 1462992619) index="1" unique_id=889085915]
transform = Transform3D(-2.1733657e-08, -0.49720812, -2.1733657e-08, 0, -2.1733657e-08, 0.49720812, -0.49720812, 2.1733657e-08, 9.500083e-16, -3.0531133e-18, 0.006501933, -1.1093357e-33)

[node name="shoulder_L0_root" parent="GDT_AnimationMaya/guide/root_C0_root/body_C0_root/spine_C0_root/spine_C0_spineBase/spine_C0_spineTop/spine_C0_chest" parent_id_path=PackedInt32Array(1485594788, 1038132853) index="0" unique_id=901829156]
transform = Transform3D(0.21002944, 0.08962346, -1.0038877, 0.07611139, -1.0239351, -0.07548953, -1.0050025, -0.058815345, -0.2155135, 0.0018135257, 0.0028765753, 0.006602861)

[node name="finger_L3_blade" parent="GDT_AnimationMaya/guide/root_C0_root/body_C0_root/spine_C0_root/spine_C0_spineBase/spine_C0_spineTop/spine_C0_chest/shoulder_L0_root/shoulder_L0_tip/arm_L0_root/arm_L0_elbow/arm_L0_wrist/arm_L0_eff/meta_L0_root/meta_L0_0_loc/meta_L0_1_loc/meta_L0_2_loc/finger_L3_root" parent_id_path=PackedInt32Array(1485594788, 801496503) index="1" unique_id=1315393313]
transform = Transform3D(1, 0, 0, 0, -1, -8.742278e-08, 0, 8.742278e-08, -1, -3.5527136e-17, 0, 0)

[node name="finger_L2_blade" parent="GDT_AnimationMaya/guide/root_C0_root/body_C0_root/spine_C0_root/spine_C0_spineBase/spine_C0_spineTop/spine_C0_chest/shoulder_L0_root/shoulder_L0_tip/arm_L0_root/arm_L0_elbow/arm_L0_wrist/arm_L0_eff/meta_L0_root/meta_L0_0_loc/meta_L0_1_loc/finger_L2_root" parent_id_path=PackedInt32Array(1485594788, 372923064) index="1" unique_id=721073014]
transform = Transform3D(0.999914, -8.7415266e-08, -0.013104213, -8.742277e-08, -1, 1.2246466e-16, -0.0131042125, 1.1456067e-09, -0.99991405, 3.5527136e-17, 0, 1.7763568e-17)

[node name="finger_L1_blade" parent="GDT_AnimationMaya/guide/root_C0_root/body_C0_root/spine_C0_root/spine_C0_spineBase/spine_C0_spineTop/spine_C0_chest/shoulder_L0_root/shoulder_L0_tip/arm_L0_root/arm_L0_elbow/arm_L0_wrist/arm_L0_eff/meta_L0_root/meta_L0_0_loc/finger_L1_root" parent_id_path=PackedInt32Array(1485594788, 1455679485) index="1" unique_id=980652310]
transform = Transform3D(1, 0, 0, 0, -1, -8.742278e-08, 0, 8.742278e-08, -1, 3.5527136e-17, 7.105427e-17, -5.689893e-18)

[node name="arm_L0_upvcrv" parent="GDT_AnimationMaya/guide/root_C0_root/body_C0_root/spine_C0_root/spine_C0_spineBase/spine_C0_spineTop/spine_C0_chest/shoulder_L0_root/shoulder_L0_tip/arm_L0_root/arm_L0_elbow" parent_id_path=PackedInt32Array(1485594788, 1279884271) index="1" unique_id=1680892585]
transform = Transform3D(0.0017837682, 6.193079e-05, 0.00058210327, -0.00051311456, 0.0010639847, 0.0014591637, -0.00028176783, -0.0015455127, 0.0010278646, 0.116839, 0.018107349, -0.15243632)

[node name="arm_L0_upv" parent="GDT_AnimationMaya/guide/root_C0_root/body_C0_root/spine_C0_root/spine_C0_spineBase/spine_C0_spineTop/spine_C0_chest/shoulder_L0_root/shoulder_L0_tip/arm_L0_root" parent_id_path=PackedInt32Array(1485594788, 1627850949) index="2" unique_id=1120421649]
transform = Transform3D(0.60460305, -0.52075326, 0.60271984, -0.69749695, -0.7115404, 0.08490139, 0.38464686, -0.4717269, -0.7934233, 0.040381256, 0.05897161, 0.0052005835)

[node name="shoulder_R0_root" parent="GDT_AnimationMaya/guide/root_C0_root/body_C0_root/spine_C0_root/spine_C0_spineBase/spine_C0_spineTop/spine_C0_chest" parent_id_path=PackedInt32Array(1485594788, 1038132853) index="2" unique_id=1098476031]
transform = Transform3D(-0.21002947, -0.08962348, 1.0038877, 0.07611139, -1.0239353, -0.07548952, -1.0050025, -0.058815353, -0.2155135, -0.0018135261, 0.0028765753, 0.006602861)

[node name="finger_R3_blade" parent="GDT_AnimationMaya/guide/root_C0_root/body_C0_root/spine_C0_root/spine_C0_spineBase/spine_C0_spineTop/spine_C0_chest/shoulder_R0_root/shoulder_R0_tip/arm_R0_root/arm_R0_elbow/arm_R0_wrist/arm_R0_eff/meta_R0_root/meta_R0_0_loc/meta_R0_1_loc/meta_R0_2_loc/finger_R3_root" parent_id_path=PackedInt32Array(1485594788, 1488414027) index="1" unique_id=1944190733]
transform = Transform3D(1, 0, 0, 0, -1, -8.742278e-08, 0, 8.742278e-08, -1, 0, -7.105427e-17, 0)

[node name="finger_R2_blade" parent="GDT_AnimationMaya/guide/root_C0_root/body_C0_root/spine_C0_root/spine_C0_spineBase/spine_C0_spineTop/spine_C0_chest/shoulder_R0_root/shoulder_R0_tip/arm_R0_root/arm_R0_elbow/arm_R0_wrist/arm_R0_eff/meta_R0_root/meta_R0_0_loc/meta_R0_1_loc/finger_R2_root" parent_id_path=PackedInt32Array(1485594788, 265209835) index="1" unique_id=1217447649]
transform = Transform3D(0.999914, -8.7415266e-08, -0.013104213, -8.742277e-08, -1, 1.2246466e-16, -0.0131042125, 1.1456067e-09, -0.99991405, 0, 0, 0)

[node name="finger_R1_blade" parent="GDT_AnimationMaya/guide/root_C0_root/body_C0_root/spine_C0_root/spine_C0_spineBase/spine_C0_spineTop/spine_C0_chest/shoulder_R0_root/shoulder_R0_tip/arm_R0_root/arm_R0_elbow/arm_R0_wrist/arm_R0_eff/meta_R0_root/meta_R0_0_loc/finger_R1_root" parent_id_path=PackedInt32Array(1485594788, 2092058580) index="1" unique_id=1769359329]
transform = Transform3D(1, 0, 0, 0, -1, -8.742278e-08, 0, 8.742278e-08, -1, 3.5527136e-17, 7.105427e-17, 4.440892e-18)

[node name="arm_R0_upvcrv" parent="GDT_AnimationMaya/guide/root_C0_root/body_C0_root/spine_C0_root/spine_C0_spineBase/spine_C0_spineTop/spine_C0_chest/shoulder_R0_root/shoulder_R0_tip/arm_R0_root/arm_R0_elbow" parent_id_path=PackedInt32Array(1485594788, 1921314371) index="1" unique_id=1172082787]
transform = Transform3D(-0.0014107222, 0.00016053501, -0.0012282898, -0.001207841, -0.00059118523, 0.0013100526, 0.00027475765, -0.001774609, -0.00054753874, 0.09663673, 0.021822026, -0.1689981)

[node name="arm_R0_upv" parent="GDT_AnimationMaya/guide/root_C0_root/body_C0_root/spine_C0_root/spine_C0_spineBase/spine_C0_spineTop/spine_C0_chest/shoulder_R0_root/shoulder_R0_tip/arm_R0_root" parent_id_path=PackedInt32Array(1485594788, 1017477061) index="2" unique_id=1369200880]
transform = Transform3D(0.56661665, 0.46121934, 0.68280464, 0.57248867, -0.8163497, 0.07635373, 0.5926232, 0.34763458, -0.7266002, 0.040381256, 0.05897161, 0.0052005835)

[node name="leg_L1_upvcrv" parent="GDT_AnimationMaya/guide/root_C0_root/body_C0_root/spine_C0_root/leg_L1_root/leg_L1_knee" parent_id_path=PackedInt32Array(1485594788, 1661931809) index="1" unique_id=984083737]
transform = Transform3D(0.0018728275, 9.4289804e-05, 9.019369e-05, -9.195018e-05, 0.0018744405, -5.026726e-05, -9.2577706e-05, 4.5728175e-05, 0.0018745258, -0.13219528, -0.0034742365, 0.044074517)

[node name="leg_L1_upv" parent="GDT_AnimationMaya/guide/root_C0_root/body_C0_root/spine_C0_root/leg_L1_root" parent_id_path=PackedInt32Array(1485594788, 1017074955) index="2" unique_id=1495945448]
transform = Transform3D(-0.05814014, -0.08696203, -0.9945136, 0.99516094, 0.07399571, -0.0646483, 0.07921169, -0.9934597, 0.08223909, -0.06420608, -0.101544276, -0.012387992)

[node name="leg_R1_root" parent="GDT_AnimationMaya/guide/root_C0_root/body_C0_root/spine_C0_root" index="4" unique_id=1247738249]
transform = Transform3D(0.1146641, 0.04054712, 1.0223224, -0.03258151, 1.0283458, -0.037131656, 1.0226074, 0.028217822, -0.11581521, -0.012915397, -0.00090320606, 0.0051922603)

[node name="leg_R1_upvcrv" parent="GDT_AnimationMaya/guide/root_C0_root/body_C0_root/spine_C0_root/leg_R1_root/leg_R1_knee" parent_id_path=PackedInt32Array(1485594788, 1453134029) index="1" unique_id=120260436]
transform = Transform3D(-0.0018131878, 0.00037454427, -0.0003107757, -0.00030894094, -0.0018120667, -0.00038142878, 0.00037605094, 0.00031723772, -0.0018118122, -0.13603097, -0.0024878897, 0.011254424)

[node name="leg_R1_upv" parent="GDT_AnimationMaya/guide/root_C0_root/body_C0_root/spine_C0_root/leg_R1_root" index="2" unique_id=1995577566]
transform = Transform3D(0.08294893, 0.13428997, -0.9874643, -0.98638815, 0.15223391, -0.062155515, 0.1419787, 0.9791787, 0.14508967, -0.06420608, -0.101544276, -0.012387992)

[node name="legUI_R0_root" parent="GDT_AnimationMaya/guide" parent_id_path=PackedInt32Array(1485594788, 1958951931) index="3" unique_id=1731130862]
transform = Transform3D(-2.3653104, -2.06782e-07, -9.038728e-15, 0, -1.03391e-07, 2.3653104, 2.06782e-07, -2.3653104, -1.03391e-07, -0.014884324, -0.00074605574, 0.75856733)

[node name="armUI_R0_root" parent="GDT_AnimationMaya/guide" parent_id_path=PackedInt32Array(1485594788, 1958951931) index="4" unique_id=2019275208]
transform = Transform3D(-2.3653104, -2.06782e-07, -9.038728e-15, 0, -1.03391e-07, 2.3653104, 2.06782e-07, -2.3653104, -1.03391e-07, -0.036522914, 0.00010895429, 0.7138045)

[node name="body_C0_ctl" parent="GDT_AnimationMaya/rig/world_ctl/root_C0_root2/root_C0_ik_cns/root_C0_ctl/body_C0_root2/body_C0_ik_cns" parent_id_path=PackedInt32Array(1485594788, 365570831) index="0" unique_id=128727119]
transform = Transform3D(0.98793036, 0, -0.15489878, 0, 1, 0, 0.15489878, 0, 0.98793036, 0, -0.061152667, 0)

[node name="spine_C0_ik1_npo" parent="GDT_AnimationMaya/rig/world_ctl/root_C0_root2/root_C0_ik_cns/root_C0_ctl/body_C0_root2/body_C0_ik_cns/body_C0_ctl/spine_C0_root2/Skeleton3D" parent_id_path=PackedInt32Array(1485594788, 965609417) index="0" unique_id=1721288044]
transform = Transform3D(1.1920928e-07, 5.960464e-08, 1, 0.99722207, -0.07448434, -5.9604645e-08, 0.07448437, 0.99722207, 0, 1.5118744e-18, 0.036696624, -0.0023300457)
bone_idx = 0

[node name="spine_C0_ik1_ctl" parent="GDT_AnimationMaya/rig/world_ctl/root_C0_root2/root_C0_ik_cns/root_C0_ctl/body_C0_root2/body_C0_ik_cns/body_C0_ctl/spine_C0_root2/Skeleton3D/spine_C0_ik1_npo/spine_C0_ik1_npo/spine_C0_ik1autoRot_lvl" parent_id_path=PackedInt32Array(1485594788, 1596585610) index="0" unique_id=1808605295]
transform = Transform3D(0.9999801, 3.4847362e-05, -0.0063062576, -3.393208e-05, 1, 0.00014524593, 0.0063062627, -0.00014502904, 0.9999801, 0, 0, 0)

[node name="spine_C0_pelvis_ctl" parent="GDT_AnimationMaya/rig/world_ctl/root_C0_root2/root_C0_ik_cns/root_C0_ctl/body_C0_root2/body_C0_ik_cns/body_C0_ctl/spine_C0_root2/spine_C0_ik_off/spine_C0_ik0_npo/spine_C0_ik0_ctl/spine_C0_pelvis_npo" parent_id_path=PackedInt32Array(1485594788, 581846032) index="0" unique_id=639351823]
transform = Transform3D(0.99999994, 0, 0, 0, 1, 0, 0, 0, 1, 0, 0, 0)

[node name="spine_C0_tan_npo" parent="GDT_AnimationMaya/rig/world_ctl/root_C0_root2/root_C0_ik_cns/root_C0_ctl/body_C0_root2/body_C0_ik_cns/body_C0_ctl/spine_C0_root2/spine_C0_ik_off/spine_C0_ik0_npo/spine_C0_ik0_ctl/spine_C0_tan0_npo" parent_id_path=PackedInt32Array(1485594788, 167312809) index="1" unique_id=70112976]
transform = Transform3D(0.99999505, 1.7309361e-05, -0.0031531448, -1.7080538e-05, 1, 7.2596216e-05, 0.003153146, -7.2542e-05, 0.99999505, -4.7857153e-05, 0.06926487, 0.009136843)

[node name="spine_C0_0_rot_ref" parent="GDT_AnimationMaya/rig/world_ctl/root_C0_root2/root_C0_ik_cns/root_C0_ctl/body_C0_root2/body_C0_ik_cns/body_C0_ctl/spine_C0_root2/spine_C0_reference" parent_id_path=PackedInt32Array(1485594788, 2059327610) index="0" unique_id=1121056642]
transform = Transform3D(0.98793036, 0, -0.15489878, 0, 1, 0, 0.15489878, 0, 0.98793036, 0, 0, 0)

[node name="spine_C0_0_pos_ref" parent="GDT_AnimationMaya/rig/world_ctl/root_C0_root2/root_C0_ik_cns/root_C0_ctl/body_C0_root2/body_C0_ik_cns/body_C0_ctl/spine_C0_root2/spine_C0_reference" parent_id_path=PackedInt32Array(1485594788, 2059327610) index="1" unique_id=473782748]
transform = Transform3D(0.9879303, 0.009815504, -0.15458745, -4.6566126e-10, 0.99799013, 0.06336721, 0.15489876, -0.06260239, 0.98594475, 0.009879303, -1.4210854e-16, 0.0015489878)

[node name="spine_C0_1_rot_ref" parent="GDT_AnimationMaya/rig/world_ctl/root_C0_root2/root_C0_ik_cns/root_C0_ctl/body_C0_root2/body_C0_ik_cns/body_C0_ctl/spine_C0_root2/spine_C0_reference" parent_id_path=PackedInt32Array(1485594788, 2059327610) index="2" unique_id=1226160631]
transform = Transform3D(0.98760253, 1.8867231e-05, -0.15697515, -1.1412457e-05, 1, 4.8391477e-05, 0.15697515, -4.6000074e-05, 0.98760253, 0, 0, 0)

[node name="spine_C0_1_pos_ref" parent="GDT_AnimationMaya/rig/world_ctl/root_C0_root2/root_C0_ik_cns/root_C0_ctl/body_C0_root2/body_C0_ik_cns/body_C0_ctl/spine_C0_root2/spine_C0_reference" parent_id_path=PackedInt32Array(1485594788, 2059327610) index="3" unique_id=540009607]
transform = Transform3D(0.9876025, 0.009965908, -0.15665849, -1.1412426e-05, 0.9979871, 0.063415505, 0.15697515, -0.062627524, 0.9856147, 0.009876025, -1.1412457e-07, 0.0015697517)

[node name="spine_C0_2_rot_ref" parent="GDT_AnimationMaya/rig/world_ctl/root_C0_root2/root_C0_ik_cns/root_C0_ctl/body_C0_root2/body_C0_ik_cns/body_C0_ctl/spine_C0_root2/spine_C0_reference" parent_id_path=PackedInt32Array(1485594788, 2059327610) index="4" unique_id=897881409]
transform = Transform3D(0.9872704, 3.7831138e-05, -0.15905084, -2.272318e-05, 1, 9.680689e-05, 0.15905084, -9.1960435e-05, 0.9872704, 0, 0, 0)

[node name="spine_C0_2_pos_ref" parent="GDT_AnimationMaya/rig/world_ctl/root_C0_root2/root_C0_ik_cns/root_C0_ctl/body_C0_root2/body_C0_ik_cns/body_C0_ctl/spine_C0_root2/spine_C0_reference" parent_id_path=PackedInt32Array(1485594788, 2059327610) index="5" unique_id=920235045]
transform = Transform3D(0.9872703, 0.010116363, -0.15872878, -2.2723338e-05, 0.997984, 0.063463815, 0.15905084, -0.062652335, 0.9852803, 0.009872704, -2.272318e-07, 0.0015905085)

[node name="spine_C0_3_rot_ref" parent="GDT_AnimationMaya/rig/world_ctl/root_C0_root2/root_C0_ik_cns/root_C0_ctl/body_C0_root2/body_C0_ik_cns/body_C0_ctl/spine_C0_root2/spine_C0_reference" parent_id_path=PackedInt32Array(1485594788, 2059327610) index="6" unique_id=1750758573]
transform = Transform3D(0.9869339, 5.68916e-05, -0.16112587, -3.3932083e-05, 1, 0.00014524593, 0.16112587, -0.0001378808, 0.9869339, 0, 0, 0)

[node name="spine_C0_3_pos_ref" parent="GDT_AnimationMaya/rig/world_ctl/root_C0_root2/root_C0_ik_cns/root_C0_ctl/body_C0_root2/body_C0_ik_cns/body_C0_ctl/spine_C0_root2/spine_C0_reference" parent_id_path=PackedInt32Array(1485594788, 2059327610) index="7" unique_id=1087115972]
transform = Transform3D(0.9869338, 0.010266873, -0.16079842, -3.3931803e-05, 0.99798095, 0.06351216, 0.16112584, -0.062676854, 0.9849416, 0.009869339, -3.3932082e-07, 0.0016112585)

[node name="spine_C0_0_cns" parent="GDT_AnimationMaya/rig/world_ctl/root_C0_root2/root_C0_ik_cns/root_C0_ctl/body_C0_root2/body_C0_ik_cns/body_C0_ctl/spine_C0_root2" parent_id_path=PackedInt32Array(1485594788, 2021545256) index="6" unique_id=2087515301]
transform = Transform3D(0.98793036, 0, -0.15489878, 0, 1, 0, 0.15489878, 0, 0.98793036, 0.00036092126, 1.0374744, 0.02050674)

[node name="spine_C0_1_cns" parent="GDT_AnimationMaya/rig/world_ctl/root_C0_root2/root_C0_ik_cns/root_C0_ctl/body_C0_root2/body_C0_ik_cns/body_C0_ctl/spine_C0_root2/spine_C0_0_cns" index="0" unique_id=787574956]
transform = Transform3D(0.9876009, -0.019248718, -0.15580104, 7.449277e-05, 0.99251163, -0.12214943, 0.1569856, 0.120623276, 0.9802069, -0.0023054348, 1.102532, 0.03731262)

[node name="spine_C0_2_cns" parent="GDT_AnimationMaya/rig/world_ctl/root_C0_root2/root_C0_ik_cns/root_C0_ctl/body_C0_root2/body_C0_ik_cns/body_C0_ctl/spine_C0_root2/spine_C0_0_cns/spine_C0_1_cns" index="0" unique_id=665001832]
transform = Transform3D(0.9872707, -0.0022590049, -0.15903313, -0.00014042704, 0.9998863, -0.01507477, 0.15904912, 0.01490521, 0.9871582, -0.0030755969, 1.1757064, 0.04215712)

[node name="spine_C0_3_cns" parent="GDT_AnimationMaya/rig/world_ctl/root_C0_root2/root_C0_ik_cns/root_C0_ctl/body_C0_root2/body_C0_ik_cns/body_C0_ctl/spine_C0_root2/spine_C0_0_cns/spine_C0_1_cns/spine_C0_2_cns" index="0" unique_id=1362628784]
transform = Transform3D(0.9869339, 5.689159e-05, -0.16112584, -3.3932083e-05, 1, 0.0001452459, 0.16112584, -0.00013788076, 0.9869339, -0.002226052, 1.261074, 0.03700622)

[node name="spine_C0_fk0_npo" parent="GDT_AnimationMaya/rig/world_ctl/root_C0_root2/root_C0_ik_cns/root_C0_ctl/body_C0_root2/body_C0_ik_cns/body_C0_ctl/spine_C0_root2" parent_id_path=PackedInt32Array(1485594788, 2021545256) index="7" unique_id=18115644]
transform = Transform3D(1, 0, 0, 0, 1, 0, 0, 0, 1, 1.6909053e-10, 0.036696587, -0.0023300448)

[node name="spine_C0_fk0_ctl" parent="GDT_AnimationMaya/rig/world_ctl/root_C0_root2/root_C0_ik_cns/root_C0_ctl/body_C0_root2/body_C0_ik_cns/body_C0_ctl/spine_C0_root2/spine_C0_fk0_npo" index="0" unique_id=225522276]
transform = Transform3D(0.9943254, 0.015865069, 0.10519089, 0.0007263738, 0.9877811, -0.15584496, -0.106378086, 0.15503702, 0.98216444, 0, 0, 0)

[node name="spine_C0_fk1_npo" parent="GDT_AnimationMaya/rig/world_ctl/root_C0_root2/root_C0_ik_cns/root_C0_ctl/body_C0_root2/body_C0_ik_cns/body_C0_ctl/spine_C0_root2/spine_C0_fk0_npo/spine_C0_fk0_ctl" index="1" unique_id=1564294862]
transform = Transform3D(0.9999978, -0.00033199534, -0.0020877481, 7.449213e-05, 0.9925116, -0.12214944, 0.0021126678, 0.12214901, 0.99250937, -3.096373e-05, 0.06505768, 0.017016055)

[node name="spine_C0_fk2_npo" parent="GDT_AnimationMaya/rig/world_ctl/root_C0_root2/root_C0_ik_cns/root_C0_ctl/body_C0_root2/body_C0_ik_cns/body_C0_ctl/spine_C0_root2/spine_C0_fk0_npo/spine_C0_fk0_ctl/spine_C0_fk1_npo/spine_C0_fk1_ctl" parent_id_path=PackedInt32Array(1485594788, 1609470253) index="1" unique_id=544544398]
transform = Transform3D(0.9999978, 0.00018339175, -0.0020927682, 4.195409e-05, 0.99424034, 0.107173584, 0.0021003692, -0.107173435, 0.99423814, 5.354958e-06, 0.073225595, -0.004069603)

[node name="spine_C0_2_scl_ref" parent="GDT_AnimationMaya/rig/world_ctl/root_C0_root2/root_C0_ik_cns/root_C0_ctl/body_C0_root2/body_C0_ik_cns/body_C0_ctl/spine_C0_root2/spine_C0_fk0_npo/spine_C0_fk0_ctl/spine_C0_fk1_npo/spine_C0_fk1_ctl/spine_C0_fk2_npo/spine_C0_fk2_ctl" parent_id_path=PackedInt32Array(1485594788, 1392248658) index="0" unique_id=361997774]
transform = Transform3D(0.9959622, 0, 0, 0, 1, 0, 0, 0, 0.9959622, 0, 0, 0)

[node name="spine_C0_fk3_npo" parent="GDT_AnimationMaya/rig/world_ctl/root_C0_root2/root_C0_ik_cns/root_C0_ctl/body_C0_root2/body_C0_ik_cns/body_C0_ctl/spine_C0_root2/spine_C0_fk0_npo/spine_C0_fk0_ctl/spine_C0_fk1_npo/spine_C0_fk1_ctl/spine_C0_fk2_npo/spine_C0_fk2_ctl" parent_id_path=PackedInt32Array(1485594788, 1392248658) index="1" unique_id=741769345]
transform = Transform3D(0.9999978, -0.00010618941, -0.002103876, 0.00013819773, 0.99988407, 0.015219668, 0.0021020165, -0.015219925, 0.99988186, 7.496746e-06, 0.085279115, -0.006506754)

[node name="spine_C0_fk3_ctl" parent="GDT_AnimationMaya/rig/world_ctl/root_C0_root2/root_C0_ik_cns/root_C0_ctl/body_C0_root2/body_C0_ik_cns/body_C0_ctl/spine_C0_root2/spine_C0_fk0_npo/spine_C0_fk0_ctl/spine_C0_fk1_npo/spine_C0_fk1_ctl/spine_C0_fk2_npo/spine_C0_fk2_ctl/spine_C0_fk3_npo" index="0" unique_id=947139176]
transform = Transform3D(0.95811546, 0.0122074485, -0.28612182, -0.1291009, 0.910225, -0.393476, 0.25563186, 0.41393405, 0.8736767, 0, 0, 0)

[node name="spine_C0_0_cnx" parent="GDT_AnimationMaya/rig/world_ctl/root_C0_root2/root_C0_ik_cns/root_C0_ctl/body_C0_root2/body_C0_ik_cns/body_C0_ctl/spine_C0_root2" parent_id_path=PackedInt32Array(1485594788, 2021545256) index="8" unique_id=449405526]
transform = Transform3D(0.99999994, 0, 0, 0, 1, 0, 0, 0, 1, 0, -2.842171e-16, 0)

[node name="Skeleton3D" parent="GDT_AnimationMaya/rig/world_ctl/root_C0_root2/root_C0_ik_cns/root_C0_ctl/body_C0_root2/body_C0_ik_cns/body_C0_ctl/spine_C0_root2/spine_C0_0_cnx/leg_L1_root2" parent_id_path=PackedInt32Array(1485594788, 160623356) index="0" unique_id=162577611]
bones/0/rotation = Quaternion(0.47905394, -0.43511778, -0.468318, 0.60154647)
bones/2/rotation = Quaternion(0.39015412, -0.5101117, -0.3587519, 0.6773942)
bones/3/rotation = Quaternion(0.003564349, 3.2311747e-27, -3.2254644e-18, 0.9999937)
bones/4/rotation = Quaternion(0.0035643396, -8.037547e-26, -2.4190918e-18, 0.9999937)
bones/6/rotation = Quaternion(0.39015406, -0.5101118, -0.35875168, 0.67739433)

[node name="leg_L1_tip_ref" parent="GDT_AnimationMaya/rig/world_ctl/root_C0_root2/root_C0_ik_cns/root_C0_ctl/body_C0_root2/body_C0_ik_cns/body_C0_ctl/spine_C0_root2/spine_C0_0_cnx/leg_L1_root2/Skeleton3D" index="0" unique_id=501779685]
transform = Transform3D(0.18270159, 0.1465403, -0.97218645, -0.98031986, 0.10237117, -0.16879945, 0.074788004, 0.9838935, 0.16235973, 0, 0, 0)
bone_idx = 0

[node name="leg_L1_tip_ref" parent="GDT_AnimationMaya/rig/world_ctl/root_C0_root2/root_C0_ik_cns/root_C0_ctl/body_C0_root2/body_C0_ik_cns/body_C0_ctl/spine_C0_root2/spine_C0_0_cnx/leg_L1_root2/Skeleton3D/leg_L1_tip_ref" index="0" unique_id=1946706028]
transform = Transform3D(1, 0, 0, 0, 1, 0, 0, 0, 1, 0.9726509, -6.5725204e-16, 3.1974424e-16)

[node name="leg_L1_int_lvl" parent="GDT_AnimationMaya/rig/world_ctl/root_C0_root2/root_C0_ik_cns/root_C0_ctl/body_C0_root2/body_C0_ik_cns/body_C0_ctl/spine_C0_root2/spine_C0_0_cnx/leg_L1_root2/Skeleton3D" index="1" unique_id=1214706537]
transform = Transform3D(0.18270159, 0.1465403, -0.97218645, -0.98031986, 0.10237117, -0.16879945, 0.074788004, 0.9838935, 0.16235973, 0, 0, 0)
bone_idx = 0

[node name="leg_L1_int_lvl" parent="GDT_AnimationMaya/rig/world_ctl/root_C0_root2/root_C0_ik_cns/root_C0_ctl/body_C0_root2/body_C0_ik_cns/body_C0_ctl/spine_C0_root2/spine_C0_0_cnx/leg_L1_root2/Skeleton3D/leg_L1_int_lvl" index="0" unique_id=428693335]
transform = Transform3D(1, -4.1633363e-17, -2.8753042e-16, 4.1633363e-17, 1, 3.694961e-16, 2.8753042e-16, -3.694961e-16, 1, 0.48632544, -1.4210854e-16, 7.105427e-17)

[node name="leg_L1_ik_cns" parent="GDT_AnimationMaya/rig/world_ctl/root_C0_root2/root_C0_ik_cns/root_C0_ctl/body_C0_root2/body_C0_ik_cns/body_C0_ctl/spine_C0_root2/spine_C0_0_cnx/leg_L1_root2/leg_L1_root_npo/leg_L1_root_ctl" parent_id_path=PackedInt32Array(1485594788, 1498574068) index="1" unique_id=608340092]
transform = Transform3D(0.98793036, 0, 0.15489878, 0, 1, 0, -0.15489878, 0, 0.98793036, 0.07867811, -0.9535089, -0.12113691)

[node name="leg_L1_ik_ctl" parent="GDT_AnimationMaya/rig/world_ctl/root_C0_root2/root_C0_ik_cns/root_C0_ctl/body_C0_root2/body_C0_ik_cns/body_C0_ctl/spine_C0_root2/spine_C0_0_cnx/leg_L1_root2/leg_L1_root_npo/leg_L1_root_ctl/leg_L1_ik_cns/leg_L1_ikcns_ctl" parent_id_path=PackedInt32Array(1485594788, 1971219449) index="0" unique_id=1209366708]
transform = Transform3D(1, 0, 0, 0, 1, 0, 0, 0, 1, 0.06779985, 0, 0.20687862)

[node name="leg_L1_0_bone" parent="GDT_AnimationMaya/rig/world_ctl/root_C0_root2/root_C0_ik_cns/root_C0_ctl/body_C0_root2/body_C0_ik_cns/body_C0_ctl/spine_C0_root2/spine_C0_0_cnx/leg_L1_root2/leg_L1_root_npo/leg_L1_root_ctl" parent_id_path=PackedInt32Array(1485594788, 1498574068) index="2" unique_id=1885557550]
transform = Transform3D(10.466648, 0.074135594, -0.97218627, -41.65046, 0.4357913, -0.16879943, 19.370308, 0.89698935, 0.1623597, 1.7763568e-17, -1.4210854e-16, 8.881784e-18)

[node name="leg_L1_1_bone" parent="GDT_AnimationMaya/rig/world_ctl/root_C0_root2/root_C0_ik_cns/root_C0_ctl/body_C0_root2/body_C0_ik_cns/body_C0_ctl/spine_C0_root2/spine_C0_0_cnx/leg_L1_root2/leg_L1_root_npo/leg_L1_root_ctl" parent_id_path=PackedInt32Array(1485594788, 1498574068) index="3" unique_id=1083586297]
transform = Transform3D(7.303847, 0.19378546, -0.97218627, -53.70043, -0.19042084, -0.16879952, -12.09604, 0.9623862, 0.16235958, 0.10466647, -0.41650456, 0.19370306)

[node name="leg_L1_eff_loc" parent="GDT_AnimationMaya/rig/world_ctl/root_C0_root2/root_C0_ik_cns/root_C0_ctl/body_C0_root2/body_C0_ik_cns/body_C0_ctl/spine_C0_root2/spine_C0_0_cnx/leg_L1_root2/leg_L1_root_npo/leg_L1_root_ctl" parent_id_path=PackedInt32Array(1485594788, 1498574068) index="4" unique_id=1576871332]
transform = Transform3D(0.98793036, -1.4354662e-15, 0.15489878, 1.4176032e-15, 1, 2.2577954e-16, -0.15489878, -3.469447e-18, 0.98793036, 0.17770489, -0.9535089, 0.07274265)

[node name="leg_L1_div0_loc" parent="GDT_AnimationMaya/rig/world_ctl/root_C0_root2/root_C0_ik_cns/root_C0_ctl/body_C0_root2/body_C0_ik_cns/body_C0_ctl/spine_C0_root2/spine_C0_0_cnx/leg_L1_root2/leg_L1_root_npo/leg_L1_root_ctl" parent_id_path=PackedInt32Array(1485594788, 1498574068) index="6" unique_id=1963049026]
transform = Transform3D(0.22216621, 0.087988295, -0.97103053, -0.8840771, 0.438154, -0.16256917, 0.4111568, 0.89458317, 0.17513146, 6.9277914e-16, -1.278977e-15, 2.6201264e-15)

[node name="leg_L1_div1_loc" parent="GDT_AnimationMaya/rig/world_ctl/root_C0_root2/root_C0_ik_cns/root_C0_ctl/body_C0_root2/body_C0_ik_cns/body_C0_ctl/spine_C0_root2/spine_C0_0_cnx/leg_L1_root2/leg_L1_root_npo/leg_L1_root_ctl" parent_id_path=PackedInt32Array(1485594788, 1498574068) index="7" unique_id=1578541875]
transform = Transform3D(0.2221661, 0.08106394, -0.971633, -0.8840772, 0.43698362, -0.16568847, 0.41115633, 0.895809, 0.16874975, 0.034888826, -0.13883486, 0.06456769)

[node name="leg_L1_div2_loc" parent="GDT_AnimationMaya/rig/world_ctl/root_C0_root2/root_C0_ik_cns/root_C0_ctl/body_C0_root2/body_C0_ik_cns/body_C0_ctl/spine_C0_root2/spine_C0_0_cnx/leg_L1_root2/leg_L1_root_npo/leg_L1_root_ctl" parent_id_path=PackedInt32Array(1485594788, 1498574068) index="8" unique_id=166203408]
transform = Transform3D(0.22216624, 0.074135594, -0.97218627, -0.8840773, 0.4357913, -0.16879943, 0.4111563, 0.89698935, 0.1623597, 0.06977765, -0.27766973, 0.12913539)

[node name="leg_L1_div3_loc" parent="GDT_AnimationMaya/rig/world_ctl/root_C0_root2/root_C0_ik_cns/root_C0_ctl/body_C0_root2/body_C0_ik_cns/body_C0_ctl/spine_C0_root2/spine_C0_0_cnx/leg_L1_root2/leg_L1_root_npo/leg_L1_root_ctl" parent_id_path=PackedInt32Array(1485594788, 1498574068) index="9" unique_id=1995766846]
transform = Transform3D(0.13153356, 0.19189446, -0.9725613, -0.96708155, -0.19074874, -0.16842878, -0.2178354, 0.9627001, 0.16048773, 0.10466647, -0.41650456, 0.19370306)

[node name="leg_L1_div4_loc" parent="GDT_AnimationMaya/rig/world_ctl/root_C0_root2/root_C0_ik_cns/root_C0_ctl/body_C0_root2/body_C0_ik_cns/body_C0_ctl/spine_C0_root2/spine_C0_0_cnx/leg_L1_root2/leg_L1_root_npo/leg_L1_root_ctl" parent_id_path=PackedInt32Array(1485594788, 1498574068) index="10" unique_id=2020438528]
transform = Transform3D(0.13153356, 0.25375158, -0.95828444, -0.9670815, -0.17957707, -0.18029267, -0.21783544, 0.95045364, 0.22177806, 0.12901261, -0.595506, 0.15338293)

[node name="leg_L1_div5_loc" parent="GDT_AnimationMaya/rig/world_ctl/root_C0_root2/root_C0_ik_cns/root_C0_ctl/body_C0_root2/body_C0_ik_cns/body_C0_ctl/spine_C0_root2/spine_C0_0_cnx/leg_L1_root2/leg_L1_root_npo/leg_L1_root_ctl" parent_id_path=PackedInt32Array(1485594788, 1498574068) index="11" unique_id=1821108325]
transform = Transform3D(0.1315336, 0.31456813, -0.94007754, -0.96708155, -0.16766876, -0.19141713, -0.21783537, 0.9343094, 0.28215897, 0.15335876, -0.7745075, 0.113062784)

[node name="leg_L1_uplegBendyA_loc" parent="GDT_AnimationMaya/rig/world_ctl/root_C0_root2/root_C0_ik_cns/root_C0_ctl/body_C0_root2/body_C0_ik_cns/body_C0_ctl/spine_C0_root2/spine_C0_0_cnx/leg_L1_root2/leg_L1_root_npo/leg_L1_root_ctl" parent_id_path=PackedInt32Array(1485594788, 1498574068) index="12" unique_id=2122562446]
transform = Transform3D(0.22216623, 0.074135594, -0.9721862, -0.88407725, 0.4357913, -0.16879942, 0.41115627, 0.89698935, 0.16235968, 3.5527136e-17, 0, -1.3322676e-17)

[node name="leg_L1_roll_ctl_npo" parent="GDT_AnimationMaya/rig/world_ctl/root_C0_root2/root_C0_ik_cns/root_C0_ctl/body_C0_root2/body_C0_ik_cns/body_C0_ctl/spine_C0_root2/spine_C0_0_cnx/leg_L1_root2" parent_id_path=PackedInt32Array(1485594788, 160623356) index="2" unique_id=940757444]
transform = Transform3D(0.18365952, 0.14533767, -0.97218627, -0.9796266, 0.10880421, -0.16879937, 0.08124504, 0.9833812, 0.16235958, 0.08885244, -0.47675446, 0.03637132)

[node name="leg_L1_upv_cns" parent="GDT_AnimationMaya/rig/world_ctl/root_C0_root2/root_C0_ik_cns/root_C0_ctl/body_C0_root2/body_C0_ik_cns/body_C0_ctl/spine_C0_root2/spine_C0_0_cnx/leg_L1_root2" parent_id_path=PackedInt32Array(1485594788, 160623356) index="3" unique_id=1199927333]
transform = Transform3D(0.9955524, -0.089059934, -0.030719949, 0.092868306, 0.9825627, 0.16107719, 0.015838755, -0.16321369, 0.98646355, 0.21165945, -0.37216434, 0.8804605)

[node name="leg_L1_knee_ref" parent="GDT_AnimationMaya/rig/world_ctl/root_C0_root2/root_C0_ik_cns/root_C0_ctl/body_C0_root2/body_C0_ik_cns/body_C0_ctl/spine_C0_root2/spine_C0_0_cnx/leg_L1_root2" parent_id_path=PackedInt32Array(1485594788, 160623356) index="4" unique_id=206298665]
transform = Transform3D(0.13153367, 0.19378546, -0.97218627, -0.9670815, -0.19042084, -0.16879952, -0.21783541, 0.9623862, 0.16235958, 0.10466647, -0.41650456, 0.19370306)

[node name="leg_L1_ctrn_loc" parent="GDT_AnimationMaya/rig/world_ctl/root_C0_root2/root_C0_ik_cns/root_C0_ctl/body_C0_root2/body_C0_ik_cns/body_C0_ctl/spine_C0_root2/spine_C0_0_cnx/leg_L1_root2" parent_id_path=PackedInt32Array(1485594788, 160623356) index="5" unique_id=1521387801]
transform = Transform3D(0.1866947, 0.14141783, -0.9721862, -0.9771042, 0.12951478, -0.16879942, 0.10204124, 0.9814412, 0.16235968, 0.10466647, -0.41650456, 0.19370306)

[node name="leg_L1_tws1A_npo" parent="GDT_AnimationMaya/rig/world_ctl/root_C0_root2/root_C0_ik_cns/root_C0_ctl/body_C0_root2/body_C0_ik_cns/body_C0_ctl/spine_C0_root2/spine_C0_0_cnx/leg_L1_root2/leg_L1_ctrn_loc/leg_L1_mid_cns/leg_L1_mid_ctl" parent_id_path=PackedInt32Array(1485594788, 1457594516) index="0" unique_id=1501837742]
transform = Transform3D(0.94726783, -0.3204429, 1.8712708e-08, 0.3204429, 0.94726783, 3.0793676e-09, -1.8712708e-08, 3.079368e-09, 1, 0, 2.220446e-18, 0)

[node name="leg_L1_tws1B_npo" parent="GDT_AnimationMaya/rig/world_ctl/root_C0_root2/root_C0_ik_cns/root_C0_ctl/body_C0_root2/body_C0_ik_cns/body_C0_ctl/spine_C0_root2/spine_C0_0_cnx/leg_L1_root2/leg_L1_ctrn_loc/leg_L1_mid_cns/leg_L1_mid_ctl" parent_id_path=PackedInt32Array(1485594788, 1457594516) index="1" unique_id=1040876171]
transform = Transform3D(0.94726783, 0.3204429, -1.4340452e-08, -0.3204429, 0.94726783, 2.3598683e-09, 1.4340452e-08, 2.3598687e-09, 1, 0, 2.220446e-18, 0)

[node name="Skeleton3D" parent="GDT_AnimationMaya/rig/world_ctl/root_C0_root2/root_C0_ik_cns/root_C0_ctl/body_C0_root2/body_C0_ik_cns/body_C0_ctl/spine_C0_root2/spine_C0_0_cnx/leg_L1_root2/leg_L1_ctrn_loc/leg_L1_mid_cns/leg_L1_mid_ctl" parent_id_path=PackedInt32Array(1485594788, 1457594516) index="2" unique_id=442090153]
bones/0/rotation = Quaternion(0.00095945306, -0.00015789355, -0.1623763, 0.9867285)
bones/1/rotation = Quaternion(-0.032019854, -1.8437727e-17, 0, 0.9994873)
bones/2/rotation = Quaternion(-0.032019854, 3.0729545e-18, 1.2291818e-17, 0.9994873)

[node name="leg_L1_tws2_npo" parent="GDT_AnimationMaya/rig/world_ctl/root_C0_root2/root_C0_ik_cns/root_C0_ctl/body_C0_root2/body_C0_ik_cns/body_C0_ctl/spine_C0_root2/spine_C0_0_cnx/leg_L1_root2" parent_id_path=PackedInt32Array(1485594788, 160623356) index="6" unique_id=216042271]
transform = Transform3D(0.98793036, 0, 0.15489878, 0, 1, 0, -0.15489878, 0, 0.98793036, 0.17770489, -0.9535089, 0.07274265)

[node name="leg_L1_aux_npo" parent="GDT_AnimationMaya/rig/world_ctl/root_C0_root2/root_C0_ik_cns/root_C0_ctl/body_C0_root2/body_C0_ik_cns/body_C0_ctl/spine_C0_root2/spine_C0_0_cnx/leg_L1_root2" parent_id_path=PackedInt32Array(1485594788, 160623356) index="7" unique_id=1916964062]
transform = Transform3D(0.9984586, -0.054753114, 0.009072477, 0.05518074, 0.99686694, -0.056669153, -0.005941239, 0.057082437, 0.99835175, 0.028963707, 0.04757422, 0.2228918)

[node name="Skeleton3D" parent="GDT_AnimationMaya/rig/world_ctl/root_C0_root2/root_C0_ik_cns/root_C0_ctl/body_C0_root2/body_C0_ik_cns/body_C0_ctl/spine_C0_root2/spine_C0_0_cnx/leg_L1_root2/leg_L1_aux_npo" index="0" unique_id=1878851376]
bones/0/rotation = Quaternion(0.47687972, -0.4304747, -0.5643587, 0.5184366)
bones/1/rotation = Quaternion(-0.064006865, -2.12458e-17, 2.12458e-17, 0.9979495)
bones/3/rotation = Quaternion(0.47687972, -0.4304747, -0.5643587, 0.5184366)

[node name="leg_L1_divRoot_loc" parent="GDT_AnimationMaya/rig/world_ctl/root_C0_root2/root_C0_ik_cns/root_C0_ctl/body_C0_root2/body_C0_ik_cns/body_C0_ctl/spine_C0_root2/spine_C0_0_cnx/leg_L1_root2" parent_id_path=PackedInt32Array(1485594788, 160623356) index="8" unique_id=583137286]
transform = Transform3D(0.22216617, 0.07413551, -0.9721862, -0.88407695, 0.4357917, -0.16879933, 0.41115665, 0.89698905, 0.16235968, 2.3092638e-16, -2.9842794e-15, 6.6613384e-17)

[node name="leg_L1_lowlegBendyB_loc" parent="GDT_AnimationMaya/rig/world_ctl/root_C0_root2/root_C0_ik_cns/root_C0_ctl/body_C0_root2/body_C0_ik_cns/body_C0_ctl/spine_C0_root2/spine_C0_0_cnx/leg_L1_root2" parent_id_path=PackedInt32Array(1485594788, 160623356) index="9" unique_id=1902902257]
transform = Transform3D(0.13153358, 0.19378534, -0.97218615, -0.9670814, -0.19042084, -0.16879942, -0.21783535, 0.9623862, 0.16235946, 0.17770489, -0.9535089, 0.07274265)

[node name="leg_L1_matchFk0_npo" parent="GDT_AnimationMaya/rig/world_ctl/root_C0_root2/root_C0_ik_cns/root_C0_ctl/body_C0_root2/body_C0_ik_cns/body_C0_ctl/spine_C0_root2/spine_C0_0_cnx/leg_L1_root2" parent_id_path=PackedInt32Array(1485594788, 160623356) index="10" unique_id=1933520748]
transform = Transform3D(0.2221662, 0.07413552, -0.97218627, -0.8840771, 0.43579173, -0.16879934, 0.4111567, 0.8969891, 0.1623597, 5.3290704e-17, -1.4210854e-16, 0)

[node name="leg_L1_matchFk1_npo" parent="GDT_AnimationMaya/rig/world_ctl/root_C0_root2/root_C0_ik_cns/root_C0_ctl/body_C0_root2/body_C0_ik_cns/body_C0_ctl/spine_C0_root2/spine_C0_0_cnx/leg_L1_root2" parent_id_path=PackedInt32Array(1485594788, 160623356) index="11" unique_id=1476956007]
transform = Transform3D(0.13153346, 0.1937856, -0.9721862, -0.96708137, -0.19042116, -0.16879939, -0.21783574, 0.962386, 0.16235968, 0.10466651, -0.4165046, 0.1937033)

[node name="leg_L1_ikHandleLegChainUpvRef" parent="GDT_AnimationMaya/rig/world_ctl/root_C0_root2/root_C0_ik_cns/root_C0_ctl/body_C0_root2/body_C0_ik_cns/body_C0_ctl/spine_C0_root2/spine_C0_0_cnx/leg_L1_root2" parent_id_path=PackedInt32Array(1485594788, 160623356) index="12" unique_id=477388530]
